0 0 1 0 2 0
0 0 1 0 0 1
-1 -1 10 -1 -1 10
0 0 0
0

a 0 0 0 0 0
2345453543025743573459347557135714358 2345453543025743573459347557135714358 2345453543025743573459347557135714358 2345453543025743573459347557135714358 2345453543025743573459347557135714358 2345453543025743573459347557135714358

0 0 1 0 2 0
0 0 1 0 0 1
-1 -1 10 -1 -1 10
0 0 0
0

a 0 0 0 0 0
2345453543025743573459347557135714358 2345453543025743573459347557135714358 2345453543025743573459347557135714358 2345453543025743573459347557135714358 2345453543025743573459347557135714358 2345453543025743573459347557135714358 2345453543025743573459347557135714358 2345453543025743573459347557135714358 2345453543025743573459347557135714358 2345453543025743573459347557135714358 2345453543025743573459347557135714358 2345453543025743573459347557135714358

